#Model:Model-1
##Part:Part-1
###Faces:
// %index% %vertices%
0 (0, 1, 2, 3)
1 (4, 5, 6, 7)
2 (0, 3, 8, 9)
3 (0, 1, 4, 7)
4 (4, 5, 10, 11)
5 (8, 9, 12, 13)
6 (0, 4, 9, 10)
7 (10, 11, 14, 15)
8 (12, 13, 16, 17)
9 (9, 10, 13, 14)
10 (14, 15, 18, 19)
11 (16, 17, 20, 21)
12 (13, 14, 17, 18)
13 (18, 19, 22, 23)
14 (20, 21, 24, 25)
15 (17, 18, 21, 22)
16 (22, 23, 26, 27)
17 (24, 25, 28, 29)
18 (21, 22, 25, 26)
19 (26, 27, 30, 31)
20 (28, 29, 32, 33)
21 (25, 26, 29, 30)
22 (30, 31, 34, 35)
23 (36, 37, 38, 39)
24 (40, 41, 42, 43)
25 (32, 33, 36, 37)
26 (29, 30, 33, 34)
27 (34, 35, 40, 41)
28 (36, 39, 41, 42)
29 (33, 34, 36, 41)
###Vertices:
// %index% %pointOn%
0 ((0.32, 0.06, 0.0),)
1 ((0.4, 0.06, 0.0),)
2 ((0.4, 0.1, 0.0),)
3 ((0.32, 0.1, 0.0),)
4 ((0.32, -0.02, 0.0),)
5 ((0.32, -0.1, 0.0),)
6 ((0.4, -0.1, 0.0),)
7 ((0.4, -0.02, 0.0),)
8 ((0.24, 0.1, 0.0),)
9 ((0.24, 0.06, 0.0),)
10 ((0.24, -0.02, 0.0),)
11 ((0.24, -0.1, 0.0),)
12 ((0.16, 0.1, 0.0),)
13 ((0.16, 0.06, 0.0),)
14 ((0.16, -0.02, 0.0),)
15 ((0.16, -0.1, 0.0),)
16 ((0.08, 0.1, 0.0),)
17 ((0.08, 0.06, 0.0),)
18 ((0.08, -0.02, 0.0),)
19 ((0.08, -0.1, 0.0),)
20 ((0.0, 0.1, 0.0),)
21 ((0.0, 0.06, 0.0),)
22 ((0.0, -0.02, 0.0),)
23 ((0.0, -0.1, 0.0),)
24 ((-0.08, 0.1, 0.0),)
25 ((-0.08, 0.06, 0.0),)
26 ((-0.08, -0.02, 0.0),)
27 ((-0.08, -0.1, 0.0),)
28 ((-0.16, 0.1, 0.0),)
29 ((-0.16, 0.06, 0.0),)
30 ((-0.16, -0.02, 0.0),)
31 ((-0.16, -0.1, 0.0),)
32 ((-0.24, 0.1, 0.0),)
33 ((-0.24, 0.06, 0.0),)
34 ((-0.24, -0.02, 0.0),)
35 ((-0.24, -0.1, 0.0),)
36 ((-0.32, 0.06, 0.0),)
37 ((-0.32, 0.1, 0.0),)
38 ((-0.4, 0.1, 0.0),)
39 ((-0.4, 0.06, 0.0),)
40 ((-0.32, -0.1, 0.0),)
41 ((-0.32, -0.02, 0.0),)
42 ((-0.4, -0.02, 0.0),)
43 ((-0.4, -0.1, 0.0),)
